%YAML:1.0
mR: !!opencv-matrix
   rows: 3
   cols: 3
   dt: d
   data: [ 9.9981079439493570e-01, 1.7868041498260660e-02,
       7.6882055373221243e-03, -1.7547347228983070e-02,
       9.9904829078139934e-01, -3.9932484170036447e-02,
       -8.3944038855165749e-03, 3.9790021108076154e-02,
       9.9917280197352543e-01 ]
mT: !!opencv-matrix
   rows: 3
   cols: 1
   dt: d
   data: [ 2.1320261131455739e-01, 4.4405911716693990e-03,
       -8.8561379419750588e-03 ]
mE: !!opencv-matrix
   rows: 3
   cols: 3
   dt: d
   data: [ -1.9267784336106009e-04, 9.0244006903075439e-03,
       4.0832703352402357e-03, -7.0647534822160137e-03,
       -8.6415782447647246e-03, -2.1309433834400354e-01,
       -8.1808912377923735e-03, 2.1292035975660739e-01,
       -8.5478500789640099e-03 ]
mF: !!opencv-matrix
   rows: 3
   cols: 3
   dt: d
   data: [ 4.5669112355689086e-08, -2.1463458457886409e-06,
       -5.7605371829306157e-05, 1.6793383639888670e-06,
       2.0612221559511010e-06, 3.0064988380158891e-02,
       7.6439776481044967e-04, -3.0982281482136644e-02, 1. ]
