%YAML:1.0
Matrix: !!opencv-matrix
   rows: 3
   cols: 3
   dt: d
   data: [ 6.1525087497084871e+02, 0., 3.1803795618231692e+02, 0.,
       6.1348201685680374e+02, 2.4657719282633346e+02, 0., 0., 1. ]
DistCoeffs: !!opencv-matrix
   rows: 5
   cols: 1
   dt: d
   data: [ 1.2561153538984471e-01, -5.4886609497195493e-01,
       2.2183502441082141e-03, 3.6557198137045620e-03,
       9.5209594108536522e-01 ]
nRotVectors: 5
RotVector0: !!opencv-matrix
   rows: 3
   cols: 1
   dt: d
   data: [ 2.4883001093898530e-01, 2.6009595756700976e-01,
       -1.5476318283405974e+00 ]
RotVector1: !!opencv-matrix
   rows: 3
   cols: 1
   dt: d
   data: [ -4.5252725122206477e-01, -4.0577023064470324e-01,
       -1.5044237573297172e+00 ]
RotVector2: !!opencv-matrix
   rows: 3
   cols: 1
   dt: d
   data: [ -3.0773054668873384e-01, -2.9118720984322088e-01,
       -1.5380149367191349e+00 ]
RotVector3: !!opencv-matrix
   rows: 3
   cols: 1
   dt: d
   data: [ -2.7754132253576641e-01, -2.7368451331426941e-01,
       -1.5314358645164319e+00 ]
RotVector4: !!opencv-matrix
   rows: 3
   cols: 1
   dt: d
   data: [ 2.3088043875539477e-01, 6.1558488201366857e-01,
       1.4323155502508913e+00 ]
nTransVectors: 5
TransVector0: !!opencv-matrix
   rows: 3
   cols: 1
   dt: d
   data: [ -9.0198758818246363e-02, 1.6155957476122698e-01,
       1.0330492526105366e+00 ]
TransVector1: !!opencv-matrix
   rows: 3
   cols: 1
   dt: d
   data: [ -9.0833793774539373e-02, 1.5858573582981789e-01,
       8.2251912816664252e-01 ]
TransVector2: !!opencv-matrix
   rows: 3
   cols: 1
   dt: d
   data: [ -8.1910375765694307e-02, 1.9417376961371420e-02,
       6.9059274129939618e-01 ]
TransVector3: !!opencv-matrix
   rows: 3
   cols: 1
   dt: d
   data: [ -8.7212836511962891e-02, 2.3973767586315791e-02,
       6.9363653308296891e-01 ]
TransVector4: !!opencv-matrix
   rows: 3
   cols: 1
   dt: d
   data: [ 2.4814918582951340e-01, -2.1387542908555951e-01,
       6.7475881323580333e-01 ]
