%YAML:1.0
mR: !!opencv-matrix
   rows: 3
   cols: 3
   dt: d
   data: [ 9.9981079439514098e-01, -1.7547347236787195e-02,
       -8.3944038447572294e-03, 1.7868041504542676e-02,
       9.9904829078070945e-01, 3.9790021122576902e-02,
       7.6882054960308120e-03, -3.9932484183867051e-02,
       9.9917280197329039e-01 ]
mT: !!opencv-matrix
   rows: 3
   cols: 1
   dt: d
   data: [ -2.1315869362337325e-01, -7.8934922231965830e-03,
       7.3869905015598140e-03 ]
mE: !!opencv-matrix
   rows: 3
   cols: 3
   dt: d
   data: [ -1.9267784316878971e-04, -7.0647534812383929e-03,
       -8.1808912500950480e-03, 9.0244006813958444e-03,
       -8.6415782491348330e-03, 2.1292035979116453e-01,
       4.0832703455095142e-03, -2.1309433837843125e-01,
       -8.5478500832018821e-03 ]
mF: !!opencv-matrix
   rows: 3
   cols: 3
   dt: d
   data: [ 4.5669112283975015e-08, 1.6793383627952072e-06,
       7.6439776623877782e-04, -2.1463458424405064e-06,
       2.0612221558136080e-06, -3.0982281470389894e-02,
       -5.7605373821671577e-05, 3.0064988367781292e-02, 1. ]
