%YAML:1.0
Matrix: !!opencv-matrix
   rows: 3
   cols: 3
   dt: d
   data: [ 6.0395099740244393e+02, 0., 3.1830011008297862e+02, 0.,
       6.0711132170533790e+02, 2.7566222865102071e+02, 0., 0., 1. ]
DistCoeffs: !!opencv-matrix
   rows: 5
   cols: 1
   dt: d
   data: [ 8.0450139042691229e-02, -1.3244100995782104e-01,
       4.6531669512837734e-03, 4.8281946154484006e-03,
       -1.4243681144474857e-01 ]
nRotVectors: 128
RotVector0: !!opencv-matrix
   rows: 3
   cols: 1
   dt: d
   data: [ -4.1377899428634657e-01, 2.8344231849715493e-02,
       3.5425235724364131e-02 ]
RotVector1: !!opencv-matrix
   rows: 3
   cols: 1
   dt: d
   data: [ -4.1241149034541325e-01, 2.8361159908522969e-02,
       3.5291145532006261e-02 ]
RotVector2: !!opencv-matrix
   rows: 3
   cols: 1
   dt: d
   data: [ -4.0724484159405699e-01, 2.7468941386966362e-02,
       3.2177929523471316e-02 ]
RotVector3: !!opencv-matrix
   rows: 3
   cols: 1
   dt: d
   data: [ -4.0248275587143462e-01, 2.1524575105980517e-02,
       3.3306072687984696e-02 ]
RotVector4: !!opencv-matrix
   rows: 3
   cols: 1
   dt: d
   data: [ -4.2773528776471076e-01, 2.8752390839701453e-02,
       3.8720713928433403e-02 ]
RotVector5: !!opencv-matrix
   rows: 3
   cols: 1
   dt: d
   data: [ -4.0853106114038118e-01, 3.3459859293083878e-02,
       2.6278727835214306e-02 ]
RotVector6: !!opencv-matrix
   rows: 3
   cols: 1
   dt: d
   data: [ 4.5038388371000319e-02, 6.4265525427956527e-01,
       3.0717500394173021e+00 ]
RotVector7: !!opencv-matrix
   rows: 3
   cols: 1
   dt: d
   data: [ 2.8521903672422078e-02, 6.1638463756615969e-01,
       3.0653794748851189e+00 ]
RotVector8: !!opencv-matrix
   rows: 3
   cols: 1
   dt: d
   data: [ 1.6984614546526434e-02, 5.1875380955260719e-01,
       3.0577856831426935e+00 ]
RotVector9: !!opencv-matrix
   rows: 3
   cols: 1
   dt: d
   data: [ 2.6393512861350499e-02, 5.3017352289796993e-01,
       3.0279042984381515e+00 ]
RotVector10: !!opencv-matrix
   rows: 3
   cols: 1
   dt: d
   data: [ 1.9400592742922464e-02, 5.3548962062550243e-01,
       2.9948716898478107e+00 ]
RotVector11: !!opencv-matrix
   rows: 3
   cols: 1
   dt: d
   data: [ -2.6770343530031543e-04, 5.4615338156184012e-01,
       2.9587171222179367e+00 ]
RotVector12: !!opencv-matrix
   rows: 3
   cols: 1
   dt: d
   data: [ -4.5145754809937787e-02, 5.5100235238464224e-01,
       2.9158198084388460e+00 ]
RotVector13: !!opencv-matrix
   rows: 3
   cols: 1
   dt: d
   data: [ -8.4234797521725580e-02, 5.4218831980443005e-01,
       2.8857642072524481e+00 ]
RotVector14: !!opencv-matrix
   rows: 3
   cols: 1
   dt: d
   data: [ -1.0014812868246209e-01, 5.2270264230755126e-01,
       2.8457373763961362e+00 ]
RotVector15: !!opencv-matrix
   rows: 3
   cols: 1
   dt: d
   data: [ -1.0224783657578973e-01, 4.9602543239146685e-01,
       2.7925694468788493e+00 ]
RotVector16: !!opencv-matrix
   rows: 3
   cols: 1
   dt: d
   data: [ -1.2818737265058830e-01, 4.7716545302984625e-01,
       2.7153216017065565e+00 ]
RotVector17: !!opencv-matrix
   rows: 3
   cols: 1
   dt: d
   data: [ -1.9417564460130682e-01, 4.4917866956197927e-01,
       2.6147102561270832e+00 ]
RotVector18: !!opencv-matrix
   rows: 3
   cols: 1
   dt: d
   data: [ -2.1509735615623143e-01, 4.0606687845464629e-01,
       2.5317957947848075e+00 ]
RotVector19: !!opencv-matrix
   rows: 3
   cols: 1
   dt: d
   data: [ -2.1548952079320388e-01, 3.9440600394496189e-01,
       2.4478806997395863e+00 ]
RotVector20: !!opencv-matrix
   rows: 3
   cols: 1
   dt: d
   data: [ -2.3428640414149488e-01, 3.4105216135768346e-01,
       2.3410390206787048e+00 ]
RotVector21: !!opencv-matrix
   rows: 3
   cols: 1
   dt: d
   data: [ -2.4661371571680468e-01, 3.1715460548015934e-01,
       2.2712715468647424e+00 ]
RotVector22: !!opencv-matrix
   rows: 3
   cols: 1
   dt: d
   data: [ -2.5997580110378260e-01, 3.2055780460396555e-01,
       2.1997598099441484e+00 ]
RotVector23: !!opencv-matrix
   rows: 3
   cols: 1
   dt: d
   data: [ -2.7726984538365379e-01, 3.4536885824192481e-01,
       2.1216827621079286e+00 ]
RotVector24: !!opencv-matrix
   rows: 3
   cols: 1
   dt: d
   data: [ -2.8490625629539051e-01, 3.3256897515365208e-01,
       2.0854247653535607e+00 ]
RotVector25: !!opencv-matrix
   rows: 3
   cols: 1
   dt: d
   data: [ -3.3319985166099636e-01, 2.9345778135945977e-01,
       2.0708872011329738e+00 ]
RotVector26: !!opencv-matrix
   rows: 3
   cols: 1
   dt: d
   data: [ -4.1772961815090970e-01, 2.9992791894499032e-01,
       2.0397010976480665e+00 ]
RotVector27: !!opencv-matrix
   rows: 3
   cols: 1
   dt: d
   data: [ -4.4936871506039960e-01, 3.3226653335516493e-01,
       1.9956262297252119e+00 ]
RotVector28: !!opencv-matrix
   rows: 3
   cols: 1
   dt: d
   data: [ -3.5308226827406453e-01, 3.5217203350161336e-01,
       1.9890279334908962e+00 ]
RotVector29: !!opencv-matrix
   rows: 3
   cols: 1
   dt: d
   data: [ -3.1729998019770173e-01, 3.5585719260266663e-01,
       2.0000802670564739e+00 ]
RotVector30: !!opencv-matrix
   rows: 3
   cols: 1
   dt: d
   data: [ -3.2243324992070260e-01, 3.1239454454487137e-01,
       2.0178374615506369e+00 ]
RotVector31: !!opencv-matrix
   rows: 3
   cols: 1
   dt: d
   data: [ -3.2575917459450615e-01, 3.2479293217893135e-01,
       2.0712583892828627e+00 ]
RotVector32: !!opencv-matrix
   rows: 3
   cols: 1
   dt: d
   data: [ -3.0305226733323226e-01, 3.1846600599142844e-01,
       2.1466801885050995e+00 ]
RotVector33: !!opencv-matrix
   rows: 3
   cols: 1
   dt: d
   data: [ -2.7158945061355494e-01, 3.1068432344118557e-01,
       2.2712230522815040e+00 ]
RotVector34: !!opencv-matrix
   rows: 3
   cols: 1
   dt: d
   data: [ -2.5659779194371723e-01, 3.2690789586093166e-01,
       2.3681410920208452e+00 ]
RotVector35: !!opencv-matrix
   rows: 3
   cols: 1
   dt: d
   data: [ -2.5522306605530976e-01, 3.7125907754847415e-01,
       2.5116795540028640e+00 ]
RotVector36: !!opencv-matrix
   rows: 3
   cols: 1
   dt: d
   data: [ -2.2761471483657289e-01, 4.1563363578774665e-01,
       2.6114055085574419e+00 ]
RotVector37: !!opencv-matrix
   rows: 3
   cols: 1
   dt: d
   data: [ -1.6892814113447580e-01, 4.4115412883535032e-01,
       2.7533253832759739e+00 ]
RotVector38: !!opencv-matrix
   rows: 3
   cols: 1
   dt: d
   data: [ -1.3910258243917503e-01, 4.1312011814036809e-01,
       2.8845301390822731e+00 ]
RotVector39: !!opencv-matrix
   rows: 3
   cols: 1
   dt: d
   data: [ -1.2320325792701850e-01, 4.1606267314032819e-01,
       2.9765636287131820e+00 ]
RotVector40: !!opencv-matrix
   rows: 3
   cols: 1
   dt: d
   data: [ -9.7717446644309702e-02, 4.6189728252930407e-01,
       3.0846361778890095e+00 ]
RotVector41: !!opencv-matrix
   rows: 3
   cols: 1
   dt: d
   data: [ -2.7759081736937613e-01, -5.7549532219683924e-02,
       6.0416936534515235e-02 ]
RotVector42: !!opencv-matrix
   rows: 3
   cols: 1
   dt: d
   data: [ -3.0645063767559383e-01, -2.9597022283207194e-02,
       1.3725838590962480e-01 ]
RotVector43: !!opencv-matrix
   rows: 3
   cols: 1
   dt: d
   data: [ -2.6985681506745968e-01, -1.1604027205219792e-02,
       2.0047719011797954e-01 ]
RotVector44: !!opencv-matrix
   rows: 3
   cols: 1
   dt: d
   data: [ -2.5568358619755899e-01, -1.4633249389621497e-02,
       2.5848170937589121e-01 ]
RotVector45: !!opencv-matrix
   rows: 3
   cols: 1
   dt: d
   data: [ -2.6863583891715426e-01, 1.8095063207644588e-03,
       2.9934712009793779e-01 ]
RotVector46: !!opencv-matrix
   rows: 3
   cols: 1
   dt: d
   data: [ -2.7020058212738973e-01, 1.9552551194515218e-02,
       3.5066861528857901e-01 ]
