%YAML:1.0
mR: !!opencv-matrix
   rows: 3
   cols: 3
   dt: d
   data: [ 9.9986315830052064e-01, -1.2173737921419906e-02,
       -1.1201106120766397e-02, 1.2316063146830727e-02,
       9.9984316506612414e-01, 1.2726345080919551e-02,
       1.1044422206315978e-02, -1.2862557116528199e-02,
       9.9985627735317673e-01 ]
mT: !!opencv-matrix
   rows: 3
   cols: 1
   dt: d
   data: [ -2.1198063994489921e-01, -6.2286231557240066e-03,
       5.8742995587894387e-03 ]
mE: !!opencv-matrix
   rows: 3
   cols: 3
   dt: d
   data: [ -1.4113978820530274e-04, -5.7932622423087386e-03,
       -6.3024863248118488e-03, 8.2146993967710802e-03,
       -2.7981252721900802e-03, 2.1188437487350786e-01,
       3.6170038728789945e-03, -2.1202321960115958e-01,
       -2.7675062433664740e-03 ]
mF: !!opencv-matrix
   rows: 3
   cols: 3
   dt: d
   data: [ 7.3307759990316137e-08, 3.0123335446061136e-06,
       1.2402704887908584e-03, -4.2724188845317786e-06,
       1.4568964540769238e-06, -6.6436599710670299e-02,
       -7.5967946752561466e-05, 6.6063926164820472e-02, 1. ]
