%YAML:1.0
mR: !!opencv-matrix
   rows: 3
   cols: 3
   dt: d
   data: [ 9.7800107306329920e-01, 4.8050946534928078e-02,
       2.0299016632372299e-01, -4.1386421194521426e-02,
       9.9845965700421679e-01, -3.6952367660698843e-02,
       -2.0445308808561660e-01, 2.7738418702573472e-02,
       9.7848327267262769e-01 ]
mT: !!opencv-matrix
   rows: 3
   cols: 1
   dt: d
   data: [ 1.5218302908925899e-02, 9.3841424878337923e-03,
       9.1525280496387359e-03 ]
mE: !!opencv-matrix
   rows: 3
   cols: 3
   dt: d
   data: [ -1.5398265298160393e-03, -8.8781287436716216e-03,
       9.5204340342369721e-03, 1.2062611278940850e-02,
       1.7655977942241990e-05, -1.3032981643770477e-02,
       -9.8075325169349643e-03, 1.4743944573673380e-02,
       -2.4672409686734096e-03 ]
mF: !!opencv-matrix
   rows: 3
   cols: 3
   dt: d
   data: [ 1.6548972896573181e-06, 9.5625317320575456e-06,
       -9.1767348199836302e-03, -1.2740358548898838e-05,
       -1.8688924053143342e-08, 1.2219250368235806e-02,
       9.2442510643065585e-03, -1.2414268725631833e-02, 1. ]
