%YAML:1.0
mR: !!opencv-matrix
   rows: 3
   cols: 3
   dt: d
   data: [ 9.9911512361705002e-01, -1.4628559290246030e-02,
       -3.9433171477560695e-02, 1.3787552010021990e-02,
       9.9967343673458797e-01, -2.1515652368187387e-02,
       3.9735037048653783e-02, 2.0952926772876038e-02,
       9.9899054134180498e-01 ]
mT: !!opencv-matrix
   rows: 3
   cols: 1
   dt: d
   data: [ -2.1749862937603873e-01, -8.9297107874549489e-03,
       -1.8354712157500057e-02 ]
mE: !!opencv-matrix
   rows: 3
   cols: 3
   dt: d
   data: [ -1.0175584047277078e-04, 1.8161614606529701e-02,
       -9.3156102196842901e-03, -9.6961544099077226e-03,
       4.8257358495684332e-03, 2.1800285801339750e-01,
       5.9230354326419250e-03, -2.1755823111710609e-01,
       4.3274980834853436e-03 ]
mF: !!opencv-matrix
   rows: 3
   cols: 3
   dt: d
   data: [ 8.8930035234887091e-08, -1.5850064997807510e-05,
       8.9714940386830411e-03, 8.4298920355215516e-06,
       -4.1896091435385642e-06, -1.1919163807216808e-01,
       -5.4784416702568419e-03, 1.2087105092167512e-01, 1. ]
