%YAML:1.0
Matrix: !!opencv-matrix
   rows: 3
   cols: 3
   dt: d
   data: [ 6.2084345109949959e+02, 0., 3.0413973364087809e+02, 0.,
       6.2171970330398403e+02, 2.4883120625265749e+02, 0., 0., 1. ]
DistCoeffs: !!opencv-matrix
   rows: 5
   cols: 1
   dt: d
   data: [ 8.2902405164839224e-02, -2.4191114378118150e-01,
       1.3713728678911355e-03, -6.2991237789927716e-03,
       1.8077680988216355e-01 ]
nRotVectors: 51
RotVector0: !!opencv-matrix
   rows: 3
   cols: 1
   dt: d
   data: [ -2.0112150701343706e-01, 3.6418343694941502e-01,
       2.2624497419447374e+00 ]
RotVector1: !!opencv-matrix
   rows: 3
   cols: 1
   dt: d
   data: [ -2.2021643914989047e-01, 3.7762981659359224e-01,
       2.1701071177749167e+00 ]
RotVector2: !!opencv-matrix
   rows: 3
   cols: 1
   dt: d
   data: [ -2.3185385054154550e-01, 3.8747014186235884e-01,
       2.1171646034593872e+00 ]
RotVector3: !!opencv-matrix
   rows: 3
   cols: 1
   dt: d
   data: [ -2.4515443021744407e-01, 3.4880765501146338e-01,
       2.0844335300562546e+00 ]
RotVector4: !!opencv-matrix
   rows: 3
   cols: 1
   dt: d
   data: [ -3.1640582144924390e-01, 2.9759509003803852e-01,
       2.0673544334983149e+00 ]
RotVector5: !!opencv-matrix
   rows: 3
   cols: 1
   dt: d
   data: [ -3.8845343170279945e-01, 3.7684692817156190e-01,
       2.0286029709548483e+00 ]
RotVector6: !!opencv-matrix
   rows: 3
   cols: 1
   dt: d
   data: [ -4.1335634577730551e-01, 3.8499421898214875e-01,
       1.9914147245000731e+00 ]
RotVector7: !!opencv-matrix
   rows: 3
   cols: 1
   dt: d
   data: [ -3.1502207214951011e-01, 4.2831953971257380e-01,
       1.9811870542602692e+00 ]
RotVector8: !!opencv-matrix
   rows: 3
   cols: 1
   dt: d
   data: [ -2.7414631585713933e-01, 3.9594821555317200e-01,
       1.9937086229769714e+00 ]
RotVector9: !!opencv-matrix
   rows: 3
   cols: 1
   dt: d
   data: [ -2.8702641773592741e-01, 3.6471249476892431e-01,
       2.0011505300614374e+00 ]
RotVector10: !!opencv-matrix
   rows: 3
   cols: 1
   dt: d
   data: [ -2.9164574426695616e-01, 3.8167211585274491e-01,
       2.0605145123190991e+00 ]
RotVector11: !!opencv-matrix
   rows: 3
   cols: 1
   dt: d
   data: [ -2.5775182322267165e-01, 3.7370829201517686e-01,
       2.1635606803692431e+00 ]
RotVector12: !!opencv-matrix
   rows: 3
   cols: 1
   dt: d
   data: [ -2.7972757578244217e-01, 5.5529186053131320e-02,
       2.8802153331804148e-01 ]
RotVector13: !!opencv-matrix
   rows: 3
   cols: 1
   dt: d
   data: [ -2.6633318792939492e-01, 9.7940399131396891e-02,
       3.5865012190867873e-01 ]
RotVector14: !!opencv-matrix
   rows: 3
   cols: 1
   dt: d
   data: [ -2.1512443628649311e-01, 1.1186154737956450e-01,
       4.1038273108547901e-01 ]
RotVector15: !!opencv-matrix
   rows: 3
   cols: 1
   dt: d
   data: [ -1.6696644710167627e-01, 6.9276887030582407e-02,
       4.3976751847197759e-01 ]
RotVector16: !!opencv-matrix
   rows: 3
   cols: 1
   dt: d
   data: [ -8.1026755951371848e-02, -1.0490064440823714e-01,
       4.4082994010076920e-01 ]
RotVector17: !!opencv-matrix
   rows: 3
   cols: 1
   dt: d
   data: [ -8.9525878466397840e-02, -1.1670662934362142e-01,
       4.1902829381862755e-01 ]
RotVector18: !!opencv-matrix
   rows: 3
   cols: 1
   dt: d
   data: [ -1.0027568005360517e-01, -1.1575410371395829e-01,
       3.5344335633533425e-01 ]
RotVector19: !!opencv-matrix
   rows: 3
   cols: 1
   dt: d
   data: [ -5.5847678041673642e-02, -9.3334926835127972e-03,
       6.0029449531803301e-02 ]
RotVector20: !!opencv-matrix
   rows: 3
   cols: 1
   dt: d
   data: [ -8.4573733662867620e-02, -4.2445341144138088e-02,
       7.6818683890205214e-02 ]
RotVector21: !!opencv-matrix
   rows: 3
   cols: 1
   dt: d
   data: [ -1.0410965192009999e-01, -4.7817192935865296e-02,
       1.0508441819424447e-01 ]
RotVector22: !!opencv-matrix
   rows: 3
   cols: 1
   dt: d
   data: [ -1.2731676091772837e-01, -2.9182214499747321e-02,
       1.3410497838589883e-01 ]
RotVector23: !!opencv-matrix
   rows: 3
   cols: 1
   dt: d
   data: [ -1.1507139251455668e-01, -2.2498015551199402e-02,
       1.4160010026286363e-01 ]
RotVector24: !!opencv-matrix
   rows: 3
   cols: 1
   dt: d
   data: [ -1.2106643946109812e-01, 1.2414433880636950e-02,
       1.2744058921294837e-01 ]
RotVector25: !!opencv-matrix
   rows: 3
   cols: 1
   dt: d
   data: [ -1.6323297023851294e-01, -3.1710859745283981e-02,
       3.0733154228782929e-02 ]
RotVector26: !!opencv-matrix
   rows: 3
   cols: 1
   dt: d
   data: [ -1.8477485692258419e-01, -1.5366498436490241e-02,
       3.4971575385665872e-02 ]
RotVector27: !!opencv-matrix
   rows: 3
   cols: 1
   dt: d
   data: [ -2.2540454375230723e-01, -3.8099691800511114e-02,
       6.6424664592045171e-02 ]
RotVector28: !!opencv-matrix
   rows: 3
   cols: 1
   dt: d
   data: [ -2.4973251736719584e-01, -4.5087547072825085e-02,
       8.4635823263731008e-02 ]
RotVector29: !!opencv-matrix
   rows: 3
   cols: 1
   dt: d
   data: [ -2.5568075534126566e-01, 4.7434096740215520e-01,
       2.2697883001388326e+00 ]
RotVector30: !!opencv-matrix
   rows: 3
   cols: 1
   dt: d
   data: [ -3.4229580347765204e-01, 5.3257955175758043e-01,
       2.2586916589156840e+00 ]
RotVector31: !!opencv-matrix
   rows: 3
   cols: 1
   dt: d
   data: [ -3.4015145922127160e-01, 5.3837612897302700e-01,
       2.2463130705001726e+00 ]
RotVector32: !!opencv-matrix
   rows: 3
   cols: 1
   dt: d
   data: [ -2.8633531636089921e-01, 6.0567653447587677e-01,
       2.2087542654343824e+00 ]
RotVector33: !!opencv-matrix
   rows: 3
   cols: 1
   dt: d
   data: [ -2.6150279906702872e-01, 5.9662154245983257e-01,
       2.1783445189432311e+00 ]
RotVector34: !!opencv-matrix
   rows: 3
   cols: 1
   dt: d
   data: [ -2.1058190350514186e-01, 4.8113363249821356e-01,
       2.2145753431490771e+00 ]
RotVector35: !!opencv-matrix
   rows: 3
   cols: 1
   dt: d
   data: [ -1.9636392523228077e-01, 4.5003101593932582e-01,
       2.2445707821743515e+00 ]
RotVector36: !!opencv-matrix
   rows: 3
   cols: 1
   dt: d
   data: [ -1.4587947011532462e-01, 3.1562425248921522e-01,
       2.6389926653204152e+00 ]
RotVector37: !!opencv-matrix
   rows: 3
   cols: 1
   dt: d
   data: [ -1.4053734066185400e-01, 3.2309410785509463e-01,
       2.7419773839363630e+00 ]
RotVector38: !!opencv-matrix
   rows: 3
   cols: 1
   dt: d
   data: [ -1.1709980933438517e-01, 3.3983029945409959e-01,
       2.8635972729781503e+00 ]
RotVector39: !!opencv-matrix
   rows: 3
   cols: 1
   dt: d
   data: [ -8.8885443136633865e-02, 3.2569208647392606e-01,
       2.9573348728263777e+00 ]
RotVector40: !!opencv-matrix
   rows: 3
   cols: 1
   dt: d
   data: [ -2.3057737834348935e-02, 3.2481383405640729e-01,
       3.0941834812792557e+00 ]
RotVector41: !!opencv-matrix
   rows: 3
   cols: 1
   dt: d
   data: [ -1.8121224160729957e-01, -2.3588646001777352e-03,
       8.1167301024019853e-02 ]
RotVector42: !!opencv-matrix
   rows: 3
   cols: 1
   dt: d
   data: [ -2.1511223697843448e-01, 4.6080985069323101e-02,
       3.4079827078481617e-01 ]
RotVector43: !!opencv-matrix
   rows: 3
   cols: 1
   dt: d
   data: [ -2.3428393041493090e-01, 4.7716832068848199e-02,
       4.2784013797010623e-01 ]
RotVector44: !!opencv-matrix
   rows: 3
   cols: 1
   dt: d
   data: [ -2.6191805892609510e-01, 6.0803769452912659e-02,
       5.2349405314011410e-01 ]
RotVector45: !!opencv-matrix
   rows: 3
   cols: 1
   dt: d
   data: [ -2.6739790436015437e-01, 5.6966875705024449e-02,
       5.7451352843081749e-01 ]
RotVector46: !!opencv-matrix
   rows: 3
   cols: 1
   dt: d
   data: [ -2.8690211741523314e-01, 9.4369101974387928e-02,
       5.9981892915005430e-01 ]
